Number
1.0012
1.0013
1.0014
1.0015
1.0016
1.0017
1.0019
1.0024
1.0025
1.0026
1.0027
1.0030
1.0031
1.0032
1.0033
1.0034
1.0039
1.0040
1.0041
1.0049
1.0051
1.0053
1.0054
1.0056
1.0060
1.0061
1.0062
1.0063
1.0064
1.0065
1.0068
1.0069
1.0070
1.0071
1.0072
1.0073
1.0074
1.0075
1.0076
1.0077
1.0078
1.0079
1.0084
1.0085
1.0086
1.0087
1.0087
1.0090
1.0091
1.0101
1.0102
1.0103
1.0104
1.0121
1.0141
1.0142
1.0143
1.0157
1.0158
1.0159
1.0163
1.0174
1.0176
1.0177
1.0179
1.0181
1.0182
1.0183
1.0191
1.0193
1.0194
1.0197
1.0199
1.0201
1.0205
1.0207
1.0209
1.0210
1.0212
1.0213
1.0214
1.0215
1.0218
1.0219
1.0220
1.0221
1.0222
1.0229
1.0230
1.0236
1.0242
1.0243
1.0252
1.0253
1.0255
1.0256
1.0260
1.0261
1.0262
1.0263
1.0272
1.0275
1.0280
1.0288
1.0289
1.0290
1.0291
1.0292
1.0303
1.0305
1.0356
1.0361
1.0373
1.0374
1.0386
1.0389
1.0394
1.0403
1.0410
1.0433
1.0437
1.0438
1.0439
1.0440
1.0442
1.0443
1.0444
1.0445
1.0446
1.0447
1.0449
1.0450
1.0451
1.0452
1.0453
1.0454
1.0455
1.0485
1.0485
